14.03.2023, 10:40:23 --> kochnev93 --> запрос списка товаров "WHERE (mz_n.name LIKE '%кабель%' OR mz_p.sn LIKE '%кабель%')"
14.03.2023, 10:56:01 --> kochnev93 --> запрос списка товаров "WHERE (mz_n.name LIKE '%кабель%' OR mz_p.sn LIKE '%кабель%')"
14.03.2023, 11:30:09 --> kochnev93 --> запрос списка товаров "WHERE mz_p.id_warehouse IN (12,22,69,6,38,2,56,41,60,48,50,43,57,27,10,42,7,21,65,39,5,30,62,29,9,1,52,55,14,26,68,19,28,63,11,53,4,61,36,72,17,46,44,64,23,18,16,24,15,51,37,31,32,70,40,66,25,3,45,54,20,8,33,73,59,35,47,49,71,67,58,13,34) AND mz_p.id_category IN (3,5,4,2,1) AND (mz_n.name LIKE '%кабель%' OR mz_p.sn LIKE '%кабель%')"
15.03.2023, 22:50:46 --> kochnev93 --> запрос списка товаров "WHERE mz_p.id_warehouse IN (12,22,69,6,38,2,56,41,60,48,50,43,57,27,10,42,7,21,65,39,5,30,62,29,9,1,52,55,14,26,68,19,28,63,11,53,4,61,36,72,17,46,44,64,23,18,16,24,15,51,37,31,32,70,40,66,25,3,45,54,20,8,33,73,59,35,47,49,71,67,58,13,34) AND mz_p.id_category IN (3,5,4,2,1)"
15.03.2023, 22:52:14 --> kochnev93 --> запрос списка товаров "WHERE mz_p.id_warehouse IN (12,22,69,6,38,2,56,41,60,48,50,43,57,27,10,42,7,21,65,39,5,30,62,29,9,1,52,55,14,26,68,19,28,63,11,53,4,61,36,72,17,46,44,64,23,18,16,24,15,51,37,31,32,70,40,66,25,3,45,54,20,8,33,73,59,35,47,49,71,67,58,13,34) AND mz_p.id_category IN (3,5,4,2,1)"
15.03.2023, 22:54:16 --> kochnev93 --> запрос списка товаров "WHERE mz_p.id_warehouse IN (12,22,69,6,38,2,56,41,60,48,50,43,57,27,10,42,7,21,65,39,5,30,62,29,9,1,52,55,14,26,68,19,28,63,11,53,4,61,36,72,17,46,44,64,23,18,16,24,15,51,37,31,32,70,40,66,25,3,45,54,20,8,33,73,59,35,47,49,71,67,58,13,34) AND mz_p.id_category IN (3,5,4,2,1)"
15.03.2023, 23:06:57 --> kochnev93 --> запрос списка товаров "WHERE mz_p.id_warehouse IN (12,22,69,6,38,2,56,41,60,48,50,43,57,27,10,42,7,21,65,39,5,30,62,29,9,1,52,55,14,26,68,19,28,63,11,53,4,61,36,72,17,46,44,64,23,18,16,24,15,51,37,31,32,70,40,66,25,3,45,54,20,8,33,73,59,35,47,49,71,67,58,13,34) AND mz_p.id_category IN (3,5,4,2,1)"
15.03.2023, 23:07:36 --> kochnev93 --> запрос списка товаров "WHERE mz_p.id_warehouse IN (12,22,69,6,38,2,56,41,60,48,50,43,57,27,10,42,7,21,65,39,5,30,62,29,9,1,52,55,14,26,68,19,28,63,11,53,4,61,36,72,17,46,44,64,23,18,16,24,15,51,37,31,32,70,40,66,25,3,45,54,20,8,33,73,59,35,47,49,71,67,58,13,34) AND mz_p.id_category IN (3,5,4,2,1)"
15.03.2023, 23:08:16 --> kochnev93 --> запрос списка товаров "WHERE mz_p.id_warehouse IN (12,22,69,6,38,2,56,41,60,48,50,43,57,27,10,42,7,21,65,39,5,30,62,29,9,1,52,55,14,26,68,19,28,63,11,53,4,61,36,72,17,46,44,64,23,18,16,24,15,51,37,31,32,70,40,66,25,3,45,54,20,8,33,73,59,35,47,49,71,67,58,13,34) AND mz_p.id_category IN (3,5,4,2,1)"
15.03.2023, 23:40:21 --> kochnev93 --> переместил товар (id: 8) со склада (id: 56) на склад (id: 48). SN: samsung102, count: undefined
15.03.2023, 23:47:40 --> kochnev93 --> запрос списка товаров "WHERE mz_p.id_warehouse IN (12,22,69,6,38,2,56,41,60,48,50,43,57,27,10,42,7,21,65,39,5,30,62,29,9,1,52,55,14,26,68,19,28,63,11,53,4,61,36,72,17,46,44,64,23,18,16,24,15,51,37,31,32,70,40,66,25,3,45,54,20,8,33,73,59,35,47,49,71,67,58,13,34) AND mz_p.id_category IN (3,5,4,2,1)"
15.03.2023, 23:57:28 --> kochnev93 --> запрос списка товаров "WHERE mz_p.id_warehouse IN (12,22,69,6,38,2,56,41,60,48,50,43,57,27,10,42,7,21,65,39,5,30,62,29,9,1,52,55,14,26,68,19,28,63,11,53,4,61,36,72,17,46,44,64,23,18,16,24,15,51,37,31,32,70,40,66,25,3,45,54,20,8,33,73,59,35,47,49,71,67,58,13,34) AND mz_p.id_category IN (3,5,4,2,1)"
16.03.2023, 00:07:56 --> kochnev93 --> запрос списка товаров "WHERE mz_p.id_warehouse IN (12,22,69,6,38,2,56,41,60,48,50,43,57,27,10,42,7,21,65,39,5,30,62,29,9,1,52,55,14,26,68,19,28,63,11,53,4,61,36,72,17,46,44,64,23,18,16,24,15,51,37,31,32,70,40,66,25,3,45,54,20,8,33,73,59,35,47,49,71,67,58,13,34) AND mz_p.id_category IN (3,5,4,2,1)"
16.03.2023, 00:08:56 --> kochnev93 --> запрос списка товаров "WHERE mz_p.id_warehouse IN (12,22,69,6,38,2,56,41,60,48,50,43,57,27,10,42,7,21,65,39,5,30,62,29,9,1,52,55,14,26,68,19,28,63,11,53,4,61,36,72,17,46,44,64,23,18,16,24,15,51,37,31,32,70,40,66,25,3,45,54,20,8,33,73,59,35,47,49,71,67,58,13,34) AND mz_p.id_category IN (3,5,4,2,1)"
16.03.2023, 00:23:43 --> kochnev93 --> запрос списка товаров "WHERE mz_p.id_warehouse IN (12,22,69,6,38,2,56,41,60,48,50,43,57,27,10,42,7,21,65,39,5,30,62,29,9,1,52,55,14,26,68,19,28,63,11,53,4,61,36,72,17,46,44,64,23,18,16,24,15,51,37,31,32,70,40,66,25,3,45,54,20,8,33,73,59,35,47,49,71,67,58,13,34) AND mz_p.id_category IN (3,5,4,2,1)"
16.03.2023, 00:24:37 --> kochnev93 --> переместил товар (id: 6) со склада (id: 2) на склад (id: 55). SN: , count: 2
16.03.2023, 00:31:02 --> kochnev93 --> запрос списка товаров "WHERE mz_p.id_warehouse IN (12,22,69,6,38,2,56,41,60,48,50,43,57,27,10,42,7,21,65,39,5,30,62,29,9,1,52,55,14,26,68,19,28,63,11,53,4,61,36,72,17,46,44,64,23,18,16,24,15,51,37,31,32,70,40,66,25,3,45,54,20,8,33,73,59,35,47,49,71,67,58,13,34) AND mz_p.id_category IN (3,5,4,2,1)"
16.03.2023, 00:31:20 --> kochnev93 --> переместил товар (id: 6) со склада (id: 22) на склад (id: 14). SN: , count: 1
